ADA   65.01879 -15.57452  443
ASK   65.05194 -16.64806  955
BJK   64.46891 -16.75267 1572
BRUN  65.20461 -16.86597  536
DJK   64.50405 -17.23571 1683
DYN   64.79086 -17.36648 1146
FAG   63.87478 -16.65364   27
FERJ  65.26197 -16.14130  521
FJAS  65.02470 -17.09217  798
FLAT  65.18279 -16.49796  728
FLUR  64.84354 -17.02693  838
GAES  64.78330 -17.48126  999
GRF   64.40656 -17.26713 1710
GRS   65.63811 -16.12409  378
HAM   64.48020 -17.82229 1560
HEFL  65.33727 -16.31449  550
HOTR  65.05251 -16.51630  708
HUS   64.29552 -17.65646 1314
IEY   64.09534 -18.12391  652
JOK   64.31529 -18.22546  736
JONS  65.07747 -16.80570 1174
KAL   63.94761 -17.68698   78
KATT  64.99901 -16.96539  885
KIS   64.67413 -17.56167 1567
KIST  64.81705 -17.26368 1029
KOLL  65.29024 -16.56726  593
KRE   64.78369 -16.38282  760
KSK   64.16129 -16.47368  940
KVER  64.76347 -16.61068  829
LIND  64.85278 -16.45230  726
MIDF  65.08676 -16.32961  572
MKO   64.97840 -16.33826  690
MYVO  65.15550 -16.36895  639
NAIR  64.71465 -18.06810  837
RIFR  64.91533 -16.37127  657
RJUP  64.74295 -17.52738  996
SKAF  64.02609 -16.98853  259
SKEG  64.61016 -18.03726  894
SKR   64.56014 -18.38647  858
STAM  64.99691 -16.80959 1171
SURT  64.88963 -17.49961  815
SVA   65.33691 -17.25454  403
SVAD  65.11746 -16.57498  680
SVED  64.48185 -17.96292 1092
SYLG  64.42524 -18.10970  899
THO   64.93372 -16.67558  691
TOHR  64.91658 -16.78473  715
TOLI  65.10338 -16.11950  528
TUFS  64.81608 -17.68003  862
TUNG  64.80818 -17.93280  887
URFL  64.82070 -17.09445  990
URH   64.82037 -17.14712 1078
VADA  64.99487 -16.53817  673
VALA  64.71593 -17.71907  962
VEGG  65.38205 -16.37467  507
VONK  64.67315 -17.75591 1011
VOT   64.27081 -17.18254 1041
VSH   64.80775 -15.72768  860
