# ddsync metrics
# K_SIGMA=8 MIN_EDGES=30 IRLS_ITERS=10 C_HUBER=1.345 MODE=thetaStd STD_EXPORT=1 STD_MODE=hutch STD_PROBES=100000
group	n_edges	n_kept	pruned_pct	robust_p50	robust_p05	robust_p95	frac_robust_lt_0p99	sigma_hat
DYN_P	151577	144328	4.782	1.0000	0.0287	1.0000	0.402	0.00627219
FLAT_P	59388	59386	0.003	1.0000	0.3274	1.0000	0.327	0.0952835
KIS_P	115397	115226	0.148	0.5115	0.0485	1.0000	0.591	0.0139154
NAIR_P	66942	66938	0.006	0.4206	0.0376	1.0000	0.602	0.0116836
SKR_P	56244	56244	0.000	1.0000	0.4779	1.0000	0.266	0.163626
URH_P	78258	77983	0.351	1.0000	0.0380	1.0000	0.478	0.00972706
VEGG_P	42220	42199	0.050	0.9859	0.0313	1.0000	0.501	0.0108251
DJK_S	17917	17724	1.077	0.8777	0.0115	1.0000	0.522	0.00281906
TUFS_S	29231	28597	2.169	1.0000	0.0186	1.0000	0.497	0.00431092
URH_S	2685	2681	0.149	0.5018	0.0325	1.0000	0.586	0.00987828
RIFR_P	46088	46076	0.026	1.0000	0.3524	1.0000	0.316	0.120174
TUFS_P	111692	110044	1.475	0.6687	0.0223	1.0000	0.564	0.00481758
DYN_S	72749	72269	0.660	0.9716	0.0237	1.0000	0.504	0.00705395
KRE_S	3327	3325	0.060	0.5551	0.0711	1.0000	0.578	0.0210967
MIDF_S	10061	10054	0.070	1.0000	0.3669	1.0000	0.260	0.146041
TOHR_S	12681	12676	0.039	1.0000	0.2514	1.0000	0.399	0.0891986
BRUN_P	55631	55599	0.058	1.0000	0.2678	1.0000	0.374	0.0620691
SYLG_P	53071	53069	0.004	1.0000	0.5050	1.0000	0.241	0.169381
TUNG_P	17028	16936	0.540	0.9392	0.0199	1.0000	0.511	0.00475301
JOK_S	3589	3579	0.279	1.0000	0.5201	1.0000	0.233	0.157981
BJK_P	31850	31848	0.006	1.0000	0.3067	1.0000	0.359	0.0994139
MIDF_P	31280	31280	0.000	1.0000	0.3126	1.0000	0.294	0.111084
SURT_P	9426	9100	3.459	0.9518	0.0229	1.0000	0.509	0.00257185
TOHR_P	21369	21366	0.014	1.0000	0.2310	1.0000	0.367	0.0772114
KIS_S	82245	73437	10.709	1.0000	0.3573	1.0000	0.321	0.00339061
SKAF_S	585	562	3.932	0.5337	0.0128	1.0000	0.591	0.00337196
SKAF_P	759	759	0.000	1.0000	0.2438	1.0000	0.321	0.0829384
DJK_P	62813	62784	0.046	1.0000	0.2281	1.0000	0.419	0.0761935
KAL_S	11159	11158	0.009	1.0000	0.1012	1.0000	0.467	0.024397
SKEG_S	746	744	0.268	0.6873	0.0100	1.0000	0.544	0.00371539
RIFR_S	3225	3223	0.062	1.0000	0.4910	1.0000	0.236	0.181087
KAL_P	14080	14080	0.000	1.0000	0.4787	1.0000	0.242	0.168911
STAM_S	14616	14614	0.014	1.0000	0.5124	1.0000	0.253	0.181206
KRE_P	24581	24577	0.016	1.0000	0.3894	1.0000	0.301	0.132686
KSK_P	15360	15359	0.007	1.0000	0.4632	1.0000	0.263	0.164144
THO_S	29747	29729	0.061	1.0000	0.2657	1.0000	0.373	0.087435
FAG_P	7327	7327	0.000	1.0000	0.6366	1.0000	0.194	0.238794
GRS_P	52650	52650	0.000	1.0000	0.3546	1.0000	0.297	0.119818
IEY_S	6003	6002	0.017	1.0000	0.4047	1.0000	0.278	0.159107
SVED_S	7062	7059	0.042	1.0000	0.3691	1.0000	0.291	0.148309
JOK_P	20014	20013	0.005	1.0000	0.4365	1.0000	0.275	0.138946
LIND_P	59437	59424	0.022	1.0000	0.3405	1.0000	0.314	0.120653
SVED_P	35087	35087	0.000	1.0000	0.4755	1.0000	0.246	0.18072
KOLL_P	35302	35296	0.017	1.0000	0.2716	1.0000	0.390	0.0905834
STAM_P	46983	46983	0.000	1.0000	0.3882	1.0000	0.298	0.14252
VOT_P	5342	5340	0.037	1.0000	0.1720	1.0000	0.438	0.0559387
VSH_P	15999	15999	0.000	1.0000	0.3424	1.0000	0.301	0.125597
KATT_P	51372	51103	0.524	0.6290	0.0213	1.0000	0.571	0.00556631
FLUR_P	165646	165638	0.005	1.0000	0.2115	1.0000	0.404	0.058152
VONK_P	144789	144624	0.114	0.4465	0.0360	1.0000	0.602	0.0102408
HEFL_S	1352	1352	0.000	1.0000	0.4461	1.0000	0.240	0.160319
GRS_S	12404	12404	0.000	1.0000	0.4307	1.0000	0.246	0.165658
SKR_S	9243	9243	0.000	0.9573	0.0429	1.0000	0.507	0.0121792
RJUP_P	80475	71986	10.549	1.0000	0.0403	1.0000	0.415	0.00389101
TOLI_S	12767	12762	0.039	1.0000	0.3511	1.0000	0.269	0.124637
HOTR_P	41303	41303	0.000	1.0000	0.3931	1.0000	0.281	0.123654
FJAS_P	58458	58340	0.202	0.6895	0.0299	1.0000	0.561	0.00763286
RJUP_S	24299	23766	2.194	1.0000	0.0158	1.0000	0.490	0.00395994
LIND_S	5304	5301	0.057	1.0000	0.4569	1.0000	0.266	0.173335
MYVO_S	4551	4549	0.044	0.9923	0.0304	1.0000	0.500	0.0121986
HEFL_P	20484	20484	0.000	1.0000	0.4005	1.0000	0.303	0.149982
IEY_P	21344	21342	0.009	1.0000	0.4176	1.0000	0.273	0.144589
MYVO_P	31335	31335	0.000	1.0000	0.3218	1.0000	0.270	0.122988
SVA_P	23934	23931	0.013	1.0000	0.2225	1.0000	0.369	0.0741466
VADA_P	14574	14552	0.151	1.0000	0.3269	1.0000	0.310	0.0981718
ADA_S	3753	3742	0.293	1.0000	0.1874	1.0000	0.439	0.0714372
FLAT_S	3449	3446	0.087	1.0000	0.4230	1.0000	0.257	0.13299
TOLI_P	10648	10648	0.000	1.0000	0.2977	1.0000	0.335	0.100898
FLUR_S	29262	29256	0.021	1.0000	0.2358	1.0000	0.381	0.0833084
SVAD_P	30532	30531	0.003	1.0000	0.3375	1.0000	0.301	0.11341
VONK_S	40547	38701	4.553	1.0000	0.0219	1.0000	0.393	0.00318987
ASK_P	19827	19827	0.000	1.0000	0.3178	1.0000	0.280	0.107134
GRF_P	7026	7022	0.057	1.0000	0.4504	1.0000	0.259	0.1875
TUNG_S	1134	1128	0.529	0.7525	0.0078	1.0000	0.554	0.002247
KATT_S	2733	2694	1.427	0.9639	0.0204	1.0000	0.506	0.00561421
SKEG_P	3904	3904	0.000	0.7810	0.0285	1.0000	0.543	0.00901844
SURT_S	4701	4462	5.084	1.0000	0.0527	1.0000	0.405	0.00172686
BJK_S	9334	9312	0.236	1.0000	0.3824	1.0000	0.280	0.15405
SVA_S	5447	5281	3.048	0.7702	0.0140	1.0000	0.549	0.00360919
FERJ_P	6176	6175	0.016	1.0000	0.4133	1.0000	0.322	0.144131
KSK_S	3114	3112	0.064	1.0000	0.4332	1.0000	0.248	0.13282
NAIR_S	9027	8874	1.695	1.0000	0.0155	1.0000	0.495	0.00212708
ADA_P	22591	22590	0.004	1.0000	0.4677	1.0000	0.253	0.180626
KOLL_S	2495	2491	0.160	1.0000	0.3116	1.0000	0.329	0.101116
KVER_P	1256	1256	0.000	1.0000	0.4160	1.0000	0.276	0.152148
ASK_S	843	840	0.356	1.0000	0.1834	1.0000	0.443	0.0646241
BRUN_S	6438	6437	0.016	1.0000	0.3658	1.0000	0.308	0.144769
VOT_S	958	952	0.626	1.0000	0.0173	1.0000	0.445	0.00551783
FERJ_S	5354	5345	0.168	1.0000	0.3490	1.0000	0.262	0.138026
SYLG_S	6593	6589	0.061	1.0000	0.4360	1.0000	0.268	0.176578
FAG_S	5455	5441	0.257	1.0000	0.4777	1.0000	0.223	0.146687
GRF_S	2904	2902	0.069	1.0000	0.3066	1.0000	0.353	0.117381
FJAS_S	3273	3272	0.031	1.0000	0.2686	1.0000	0.274	0.115436
SVAD_S	2046	2046	0.000	1.0000	0.5375	1.0000	0.230	0.201412
VEGG_S	1238	1236	0.162	1.0000	0.4788	1.0000	0.216	0.182634
KVER_S	130	129	0.769	1.0000	0.0132	1.0000	0.496	0.00399234
VSH_S	3614	3612	0.055	1.0000	0.3799	1.0000	0.277	0.143646
THO_P	58691	58688	0.005	1.0000	0.3294	1.0000	0.268	0.112014
MKO_P	83938	83935	0.004	1.0000	0.3284	1.0000	0.292	0.105932
MKO_S	28638	28635	0.010	1.0000	0.3966	1.0000	0.263	0.147005
HUS_P	45570	45564	0.013	1.0000	0.3756	1.0000	0.289	0.125502
HUS_S	10910	10903	0.064	1.0000	0.1597	1.0000	0.424	0.0371969
KIST_P	879	866	1.479	1.0000	0.0205	1.0000	0.464	0.00506175
KIST_S	416	414	0.481	0.8285	0.0393	1.0000	0.529	0.00828363
JONS_S	216	215	0.463	1.0000	0.0376	1.0000	0.447	0.00883588
JONS_P	1704	1704	0.000	0.9783	0.0400	1.0000	0.501	0.00986988
HAM_S	16	0	100.000	NaN	NaN	NaN	NaN	NaN
HAM_P	14	0	100.000	NaN	NaN	NaN	NaN	NaN

# OVERALL
overall_edges=2861251
overall_kept=2828925
overall_pruned_pct=1.130
pseudo_groups_used=0
pseudo_components_used=0
